5.59569596E8
5.59569598E8
5.595696E8
5.59569602E8
5.59569604E8
5.59569606E8
5.59569608E8
5.5956961E8
5.59569612E8
5.59569614E8
5.59569616E8
5.59569618E8
5.5956962E8
5.59569622E8
5.59569624E8
5.59569626E8
5.59569628E8
5.5956963E8
5.59569632E8
5.59569634E8
5.59569636E8
5.59569638E8
5.5956964E8
5.59569642E8
5.59569644E8
5.59569646E8
5.59569648E8
5.5956965E8
5.59569652E8
5.59569654E8
5.59569656E8
5.59569658E8
5.5956966E8
5.59569662E8
5.59569664E8
5.59569666E8
5.59569668E8
5.5956967E8
5.59569672E8
5.59569674E8
5.59569676E8
5.59569678E8
5.5956968E8
5.59569682E8
5.59569684E8
5.59569686E8
5.59569688E8
5.5956969E8
5.59569692E8
5.59569694E8
5.59569696E8
5.59569698E8
5.595697E8
5.59569702E8
5.59569704E8
5.59569706E8
5.59569708E8
5.5956971E8
5.59569712E8
5.59569714E8
5.59569716E8
5.59569718E8
5.5956972E8
5.59569722E8
5.59569724E8
5.59569726E8
5.59569728E8
5.5956973E8
5.59569732E8
5.59569734E8
5.59569736E8
5.59569738E8
5.5956974E8
5.59569742E8
5.59569744E8
5.59569746E8
5.59569748E8
5.5956975E8
5.59569752E8
5.59569754E8
5.59569756E8
5.59569758E8
5.5956976E8
5.59569762E8
5.59569764E8
5.59569766E8
5.59569768E8
5.5956977E8
5.59569772E8
5.59569774E8
5.59569776E8
5.59569778E8
5.5956978E8
5.59569782E8
5.59569784E8
5.59569786E8
5.59569788E8
5.5956979E8
5.59569792E8
5.59569794E8
5.59569796E8
5.59569798E8
5.595698E8
5.59569802E8
5.59569804E8
5.59569806E8
5.59569808E8
5.5956981E8
5.59569812E8
5.59569814E8
5.59569816E8
5.59569818E8
5.5956982E8
5.59569822E8
5.59569824E8
5.59569826E8
5.59569828E8
5.5956983E8
5.59569832E8
5.59569834E8
5.59569846E8
5.59569848E8
5.5956985E8
5.59569852E8
5.59569854E8
5.59569856E8
5.59569858E8
5.5956986E8
5.59569862E8
5.59569864E8
5.59569866E8
5.59569868E8
5.5956987E8
5.59569872E8
5.59569874E8
5.59569876E8
5.59569878E8
5.5956988E8
5.59569882E8
5.59569884E8
5.59569886E8
5.59569888E8
5.5956989E8
5.59569892E8
5.59569894E8
5.59569896E8
5.59569898E8
5.595699E8
5.59569902E8
5.59569904E8
5.59569916E8
5.59569918E8
5.5956992E8
5.59569922E8
5.59569924E8
5.59569926E8
5.59569928E8
5.5956993E8
5.59569932E8
5.59569934E8
5.59569936E8
5.59569938E8
5.5956994E8
5.59569942E8
5.59569944E8
5.59569946E8
5.59569948E8
5.5956995E8
5.59569952E8
5.59569954E8
5.59569956E8
5.59569958E8
5.5956996E8
5.59569962E8
5.59569964E8
5.59569966E8
5.59569968E8
5.5956997E8
5.59569972E8
5.59569974E8
5.59569976E8
5.59569978E8
5.5956998E8
5.59569982E8
5.59569984E8
5.59569986E8
5.59569988E8
5.5956999E8
5.59569992E8
5.59569994E8
5.59569996E8
5.59569998E8
5.5957E8
5.59570002E8
5.59570004E8
5.59570006E8
5.59570008E8
5.5957001E8
5.59570012E8
5.59570014E8
5.59570016E8
5.59570018E8
5.5957002E8
5.59570022E8
5.59570024E8
5.59570026E8
5.59570028E8
5.5957003E8
5.59570032E8
5.59570034E8
5.59570036E8
5.59570038E8
5.5957004E8
5.59570042E8
5.59570044E8
5.59570046E8
5.59570048E8
5.5957005E8
5.59570052E8
5.59570054E8
5.59570056E8
5.59570058E8
5.5957006E8
5.59570062E8
5.59570064E8
5.59570066E8
5.59570068E8
5.5957007E8
5.59570072E8
5.59570074E8
5.59570076E8
5.59570078E8
5.5957008E8
5.59570082E8
5.59570084E8
5.59570086E8
5.59570088E8
5.5957009E8
5.59570092E8
5.59570094E8
5.59570096E8
5.59570098E8
5.595701E8
5.59570102E8
5.59570104E8
5.59570106E8
5.59570108E8
5.5957011E8
5.59570112E8
5.59570114E8
5.59570116E8
5.59570118E8
5.5957012E8
5.59570122E8
5.59570124E8
5.59570126E8
5.59570128E8
5.5957013E8
5.59570132E8
5.59570134E8
5.59570136E8
5.59570138E8
5.5957014E8
5.59570142E8
5.59570144E8
5.59570146E8
5.59570148E8
5.5957015E8
5.59570152E8
5.59570154E8
5.59570166E8
5.59570168E8
5.5957017E8
5.59570172E8
5.59570174E8
5.59570176E8
5.59570178E8
5.5957018E8
5.59570182E8
5.59570184E8
5.59570186E8
5.59570188E8
5.5957019E8
5.59570192E8
5.59570194E8
5.59570196E8
5.59570198E8
5.595702E8
5.59570202E8
5.59570204E8
5.59570206E8
5.59570208E8
5.5957021E8
5.59570212E8
5.59570214E8
5.59570216E8
5.59570218E8
5.5957022E8
5.59570222E8
5.59570224E8
5.5957051E8
5.59570512E8
5.59570514E8
5.59570516E8
5.59570518E8
5.5957052E8
5.59570522E8
5.59570524E8
5.59570526E8
5.59570528E8
5.5957053E8
5.59570532E8
5.59570534E8
5.59570536E8
5.59570538E8
5.5957054E8
5.59570542E8
5.59570544E8
5.59570546E8
5.59570548E8
5.5957055E8
5.59570552E8
5.59570554E8
5.59570556E8
5.59570558E8
5.5957056E8
5.59570562E8
5.59570564E8
5.59570566E8
5.59570568E8
5.5957057E8
5.59570572E8
5.59570574E8
5.59570576E8
5.59570578E8
5.5957058E8
5.59570582E8
5.59570584E8
5.59570586E8
5.59570588E8
5.5957059E8
5.59570592E8
5.59570594E8
5.59570596E8
5.59570598E8
5.595706E8
5.59570602E8
5.59570604E8
5.59570606E8
5.59570608E8
5.5957061E8
5.59570612E8
5.59570614E8
5.59570616E8
5.59570618E8
5.5957062E8
5.59570622E8
5.59570624E8
5.59570626E8
5.59570628E8
5.5957063E8
5.59570632E8
5.59570634E8
5.59570636E8
5.59570638E8
5.5957064E8
5.59570642E8
5.59570644E8
5.59570646E8
5.59570648E8
5.5957065E8
5.59570652E8
5.59570654E8
5.59570656E8
5.59570658E8
5.5957066E8
5.59570662E8
5.59570664E8
5.59570666E8
5.59570668E8
5.5957067E8
5.59570672E8
5.59570674E8
5.59570676E8
5.59570678E8
5.5957068E8
5.59570682E8
5.59570684E8
5.59570686E8
5.59570688E8
5.5957069E8
5.59570692E8
5.59570694E8
5.59570696E8
5.59570698E8
5.595707E8
5.59570702E8
5.59570704E8
5.59570706E8
5.59570708E8
5.5957071E8
5.59570712E8
5.59570714E8
5.59570716E8
5.59570718E8
5.5957072E8
5.59570722E8
5.59570724E8
5.59570726E8
5.59570728E8
5.5957073E8
5.59570732E8
5.59570734E8
5.59570736E8
5.59570738E8
5.5957074E8
5.59570742E8
5.59570744E8
5.59570746E8
5.59570748E8
5.5957075E8
5.59570752E8
5.59570754E8
5.59570756E8
5.59570758E8
5.5957076E8
5.59570762E8
5.59570764E8
5.59570766E8
5.59570768E8
5.5957077E8
5.59570772E8
5.59570774E8
5.59570776E8
5.59570778E8
5.5957078E8
5.59570782E8
5.59570784E8
5.59570786E8
5.59570788E8
5.5957079E8
5.59570792E8
5.59570794E8
5.59570796E8
5.59570798E8
5.595708E8
5.59570802E8
5.59570804E8
5.59570806E8
5.59570808E8
5.5957081E8
5.59570812E8
5.59570814E8
5.59570816E8
5.59570818E8
5.5957082E8
5.59570822E8
5.59570824E8
5.59570826E8
5.59570828E8
5.5957083E8
5.59570832E8
5.59570834E8
5.59570836E8
5.59570838E8
5.5957084E8
5.59570842E8
5.59570844E8
5.59570846E8
5.59570848E8
5.5957085E8
5.59570852E8
5.59570854E8
5.59570856E8
5.59570858E8
5.5957086E8
5.59570862E8
5.59570864E8
5.59570866E8
5.59570868E8
5.5957087E8
5.59570872E8
5.59570874E8
5.59570876E8
5.59570878E8
5.5957088E8
5.59570882E8
5.59570884E8
5.59570886E8
5.59570888E8
5.5957089E8
5.59570892E8
5.59570894E8
5.59570896E8
5.59570898E8
5.595709E8
5.59570902E8
5.59570904E8
5.59570906E8
5.59570908E8
5.5957091E8
5.59570912E8
5.59570914E8
5.59570916E8
5.59570918E8
5.5957092E8
5.59570922E8
5.59570924E8
5.59570926E8
5.59570928E8
5.5957093E8
5.59570932E8
5.59570934E8
5.59570936E8
5.59570938E8
5.5957094E8
5.59570942E8
5.59570944E8
5.59570946E8
5.59570948E8
5.5957095E8
5.59570952E8
5.59570954E8
5.59570956E8
5.59570958E8
5.5957096E8
5.59570962E8
5.59570964E8
5.59570966E8
5.59570968E8
5.5957097E8
5.59570972E8
5.59570974E8
5.59570976E8
5.59570978E8
5.5957098E8
5.59570982E8
5.59570984E8
5.59570986E8
5.59570988E8
5.5957099E8
5.59570992E8
5.59570994E8
5.59570996E8
5.59570998E8
5.59571E8
5.59571002E8
5.59571004E8
5.59571006E8
5.59571008E8
5.5957101E8
5.59571012E8
5.59571014E8
5.59571016E8
5.59571018E8
5.5957102E8
5.59571022E8
5.59571024E8
5.59571026E8
5.59571028E8
5.5957103E8
5.59571032E8
5.59571034E8
5.59571036E8
5.59571038E8
5.5957104E8
5.59571042E8
5.59571044E8
5.59571046E8
5.59571048E8
5.5957105E8
5.59571052E8
5.59571054E8
5.59571056E8
5.59571058E8
5.5957106E8
5.59571062E8
5.59571064E8
5.59571066E8
5.59571068E8
5.5957107E8
5.59571072E8
5.59571074E8
5.59571076E8
5.59571078E8
5.5957108E8
5.59571082E8
5.59571084E8
5.59571086E8
5.59571088E8
5.5957109E8
5.59571092E8
5.59571094E8
5.59571096E8
5.59571098E8
5.595711E8
5.59571102E8
5.59571104E8
5.59571106E8
5.59571108E8
5.5957111E8
5.59571112E8
5.59571114E8
5.59571116E8
5.59571118E8
5.5957112E8
5.59571138E8
5.5957114E8
5.59571142E8
5.59571144E8
5.59571146E8
5.59571148E8
5.5957115E8
5.59571152E8
5.59571154E8
5.59571156E8
5.59571158E8
5.5957116E8
5.59571162E8
5.59571164E8
5.59571166E8
5.59571168E8
5.5957117E8
5.59571172E8
5.59571174E8
5.59571176E8
5.59571178E8
5.5957118E8
5.59571182E8
5.59571184E8
5.59571186E8
5.59571188E8
5.5957119E8
5.59571192E8
5.59571194E8
5.59571196E8
5.59571198E8
5.595712E8
5.59571202E8
5.59571204E8
5.59571206E8
5.59571208E8
5.5957121E8
5.59571212E8
5.59571214E8
5.59571216E8
5.59571218E8
5.5957122E8
5.59571222E8
5.59571224E8
5.59571226E8
5.59571228E8
5.5957123E8
5.59571232E8
5.59571234E8
5.59571236E8
5.59571246E8
5.59571248E8
5.5957125E8
5.59571252E8
5.59571254E8
5.59571256E8
5.59571258E8
5.5957126E8
5.59571262E8
5.59571264E8
5.59571266E8
5.59571268E8
5.5957127E8
5.59571272E8
5.59571274E8
5.59571276E8
5.59571278E8
5.5957128E8
5.59571282E8
5.59571284E8
5.59571286E8
5.59571288E8
5.5957129E8
5.59571292E8
5.59571294E8
5.59571296E8
5.59571298E8
5.595713E8
5.59571302E8
5.59571304E8
5.59571306E8
5.59571308E8
5.5957131E8
5.59571312E8
5.59571314E8
5.59571316E8
5.59571318E8
5.5957132E8
5.59571322E8
5.59571324E8
5.59571326E8
5.59571328E8
5.5957133E8
5.59571332E8
5.59571334E8
5.59571336E8
5.59571338E8
5.5957134E8
5.59571342E8
5.59571344E8
5.59571346E8
5.59571348E8
5.5957135E8
5.59571352E8
5.59571354E8
5.59571356E8
5.59571358E8
5.5957136E8
5.59571362E8
5.59571364E8
5.59571366E8
5.59571368E8
5.5957137E8
5.59571372E8
5.59571374E8
5.59571376E8
5.59571378E8
5.5957138E8
5.59571382E8
5.59571384E8
5.59571386E8
5.59571388E8
5.5957139E8
5.59571392E8
5.59571394E8
5.59571396E8
5.59571398E8
5.595714E8
5.59571402E8
5.59571404E8
5.59571406E8
5.59571408E8
5.5957141E8
5.59571412E8
5.59571414E8
5.59571416E8
5.59571418E8
5.5957142E8
5.59571422E8
5.59571424E8
5.59571426E8
5.59571428E8
5.5957143E8
5.59571432E8
5.59571434E8
5.59571436E8
5.59571438E8
5.5957144E8
5.59571442E8
5.59571444E8
5.59571446E8
5.59571448E8
5.5957145E8
5.59571452E8
5.59571454E8
5.59571456E8
5.59571458E8
5.5957146E8
5.59571462E8
5.59571464E8
5.59571466E8
5.59571468E8
5.5957147E8
5.59571472E8
5.59571474E8
5.59571476E8
5.59571478E8
5.5957148E8
5.59571482E8
5.59571484E8
5.59571486E8
5.59571488E8
5.5957149E8
5.59571492E8
5.59571494E8
5.59571496E8
5.59571498E8
5.595715E8
5.59571502E8
5.59571504E8
5.59571506E8
5.59571508E8
5.5957151E8
5.59571512E8
5.59571514E8
5.59571516E8
5.59571518E8
5.5957152E8
5.59571522E8
5.59571524E8
5.59571526E8
5.59571528E8
5.5957153E8
5.59571532E8
5.59571534E8
5.59571536E8
5.59571538E8
5.5957154E8
5.59571542E8
5.59571544E8
5.59571546E8
5.59571548E8
5.5957155E8
5.59571552E8
5.59571554E8
5.59571556E8
5.59571558E8
5.5957156E8
5.59571562E8
5.59571564E8
5.59571566E8
5.59571568E8
5.5957157E8
5.59571572E8
5.59571574E8
5.59571576E8
5.59571578E8
5.5957158E8
5.59571582E8
5.59571584E8
5.59571586E8
5.59571588E8
5.5957159E8
5.59571592E8
5.59571594E8
5.59571596E8
5.59571598E8
5.595716E8
5.59571602E8
5.59571604E8
5.59571606E8
5.59571608E8
5.5957161E8
5.59571612E8
5.59571614E8
5.59571616E8
5.59571618E8
5.5957162E8
5.59571622E8
5.59571624E8
5.59571626E8
5.59571628E8
5.5957163E8
5.59571632E8
5.59571634E8
5.59571636E8
5.59571638E8
5.5957164E8
5.59571642E8
5.59571644E8
5.59571646E8
5.59571648E8
5.5957165E8
5.59571652E8
5.59571654E8
5.59571656E8
5.59571658E8
5.5957166E8
5.59571662E8
5.59571664E8
5.59571666E8
5.59571668E8
5.5957167E8
5.59571672E8
5.59571674E8
5.59571676E8
5.59571678E8
5.5957168E8
5.59571682E8
5.59571684E8
5.59571686E8
5.59571688E8
5.5957169E8
5.59571692E8
5.59571694E8
5.59571696E8
5.59571698E8
5.595717E8
5.59571702E8
5.59571704E8
5.59571706E8
5.59571708E8
5.5957171E8
5.59571712E8
5.59571714E8
5.59571716E8
5.59571718E8
5.5957172E8
5.59571722E8
5.59571724E8
5.59571726E8
5.59571728E8
5.5957173E8
5.59571732E8
5.59571734E8
5.59571736E8
5.59571738E8
5.5957174E8
5.59571742E8
5.59571744E8
5.59571746E8
5.59571748E8
5.5957175E8
5.59571752E8
5.59571754E8
5.59571756E8
5.59571758E8
5.5957176E8
5.59571762E8
5.59571764E8
5.59571766E8
5.59571768E8
5.5957177E8
5.59571772E8
5.59571774E8
5.59571776E8
5.59571778E8
5.5957178E8
5.59571782E8
5.59571784E8
5.59571786E8
5.59571788E8
5.5957179E8
5.59571792E8
5.59571794E8
5.59571796E8
5.59571798E8
5.595718E8
5.59571802E8
5.59571804E8
5.59571806E8
5.59571808E8
5.5957181E8
5.59571812E8
5.59571814E8
5.59571816E8
5.59571818E8
5.5957182E8
5.59571822E8
5.59571824E8
5.59571826E8
5.59571828E8
5.5957183E8
5.59571832E8
5.59571834E8
5.59571836E8
5.59571838E8
5.5957184E8
5.59571842E8
5.59571844E8
5.59571846E8
5.59571848E8
5.5957185E8
5.59571852E8
5.59571854E8
5.59571856E8
5.59571858E8
5.5957186E8
5.59571862E8
5.59571864E8
5.59571866E8
5.59571868E8
5.5957187E8
5.59571986E8
5.59571988E8
5.5957199E8
5.59571992E8
5.59571994E8
5.59571996E8
5.59571998E8
5.59572E8
5.59572002E8
5.59572004E8
5.59572006E8
5.59572008E8
5.5957201E8
5.59572012E8
5.59572014E8
5.59572016E8
5.59572018E8
5.5957202E8
5.59572022E8
5.59572024E8
5.59572026E8
5.59572028E8
5.5957203E8
5.59572032E8
5.59572034E8
5.59572036E8
5.59572038E8
5.5957204E8
5.59572042E8
5.59572044E8
5.59572046E8
5.59572048E8
5.5957205E8
5.59572052E8
5.59572054E8
5.59572056E8
5.59572058E8
5.5957206E8
5.59572062E8
5.59572064E8
5.59572066E8
5.59572068E8
5.5957207E8
5.59572072E8
5.59572074E8
5.59572076E8
5.59572078E8
5.5957208E8
5.59572082E8
5.59572084E8
5.59572086E8
5.59572088E8
5.5957209E8
5.59572092E8
5.59572094E8
5.59572096E8
5.59572098E8
5.595721E8
5.59572102E8
5.59572104E8
5.59572106E8
5.59572108E8
5.5957211E8
5.59572112E8
5.59572114E8
5.59572116E8
5.59572118E8
5.5957212E8
5.59572122E8
5.59572124E8
5.59572126E8
5.59572128E8
5.5957213E8
5.59572132E8
5.59572134E8
5.59572136E8
5.59572138E8
5.5957214E8
5.59572142E8
5.59572144E8
5.59572146E8
5.59572148E8
5.5957215E8
5.59572152E8
5.59572154E8
5.59572156E8
5.59572158E8
5.5957216E8
5.59572162E8
5.59572164E8
5.59572166E8
5.59572168E8
5.5957217E8
5.59572172E8
5.59572174E8
5.59572176E8
5.59572178E8
5.5957218E8
5.59572182E8
5.59572184E8
5.59572186E8
5.59572188E8
5.5957219E8
5.59572192E8
5.59572194E8
5.59572196E8
5.59572198E8
5.595722E8
5.59572202E8
5.59572204E8
5.59572206E8
5.59572208E8
5.5957221E8
5.59572212E8
5.59572214E8
5.59572216E8
5.59572218E8
5.5957222E8
5.59572222E8
5.59572224E8
5.59572236E8
5.59572238E8
5.5957224E8
5.59572242E8
5.59572244E8
5.59572246E8
5.59572248E8
5.5957225E8
5.59572252E8
5.59572254E8
5.59572256E8
5.59572258E8
5.5957226E8
5.59572262E8
5.59572264E8
5.59572266E8
5.59572268E8
5.5957227E8
5.59572272E8
5.59572274E8
5.59572276E8
5.59572278E8
5.5957228E8
5.59572282E8
5.59572284E8
5.59572286E8
5.59572288E8
5.5957229E8
5.59572292E8
5.59572294E8
